spawns:
  default:
    world: 18d93443-cba9-4c19-8d45-f44597751549
    world-name: world
    x: 183.53100671437858
    y: 74.0
    z: 212.2519626475744
    yaw: -178.58067321777344
    pitch: -0.26538175344467163
